A,C,D,E,F,G,H,I,K,L,M,N,P,Q,R,S,T,V,W,Y
0.0843672456575682,0.0248138957816377,0.0471464019851116,0.0471464019851116,0.0248138957816377,0.086848635235732,0.0272952853598014,0.0248138957816377,0.0421836228287841,0.119106699751861,0.0372208436724565,0.0272952853598014,0.0521091811414392,0.0421836228287841,0.0694789081885856,0.0595533498759305,0.0545905707196029,0.0992555831265508,0.0074441687344913,0.0223325062034739
0.0874439461883408,0.0358744394618834,0.0336322869955156,0.0381165919282511,0.0605381165919282,0.0403587443946188,0.0156950672645739,0.085201793721973,0.0426008968609865,0.0919282511210762,0.0201793721973094,0.0470852017937219,0.0470852017937219,0.0201793721973094,0.0448430493273542,0.1053811659192825,0.0650224215246636,0.0762331838565022,0.0201793721973094,0.0224215246636771
0.0625,0.034375,0.040625,0.059375,0.046875,0.059375,0.0265625,0.0625,0.040625,0.096875,0.0296875,0.05625,0.059375,0.0421875,0.0421875,0.0703125,0.0578125,0.0453125,0.021875,0.0453125
0.0949453551912568,0.0122950819672131,0.0450819672131147,0.0512295081967213,0.0184426229508196,0.2670765027322404,0.0061475409836065,0.0163934426229508,0.0389344262295082,0.0327868852459016,0.008879781420765,0.0191256830601092,0.1898907103825136,0.0334699453551912,0.0484972677595628,0.040983606557377,0.0307377049180327,0.032103825136612,0.0040983606557377,0.008879781420765
0.0477568740955137,0.0340086830680173,0.0506512301013024,0.0767004341534008,0.0426917510853835,0.0665701881331403,0.0267727930535455,0.0477568740955137,0.0484804630969609,0.0984081041968162,0.0217076700434153,0.0520984081041968,0.0593342981186685,0.0274963820549927,0.0593342981186685,0.0759768451519536,0.0499276410998552,0.0629522431259044,0.0144717800289435,0.036903039073806
0.1371115173674588,0.006398537477148,0.0411334552102376,0.0210237659963436,0.0383912248628884,0.0978062157221206,0.0109689213893967,0.0484460694698354,0.0191956124314442,0.1170018281535649,0.0127970749542961,0.0246800731261425,0.0740402193784278,0.0274223034734917,0.0621572212065813,0.0557586837294332,0.0676416819012797,0.0886654478976234,0.0237659963436928,0.0255941499085923
0.067524115755627,0.0418006430868167,0.0562700964630225,0.0819935691318328,0.0337620578778135,0.0787781350482315,0.0209003215434083,0.0353697749196141,0.0466237942122186,0.0819935691318328,0.0144694533762057,0.040192926045016,0.0530546623794212,0.0418006430868167,0.0707395498392283,0.0610932475884244,0.0578778135048231,0.0594855305466238,0.022508038585209,0.0337620578778135
0.0813953488372093,0.0232558139534883,0.0232558139534883,0.0697674418604651,0.0116279069767441,0.0465116279069767,0.0116279069767441,0.0697674418604651,0.0581395348837209,0.1976744186046511,0.0116279069767441,0.0116279069767441,0.0465116279069767,0.0581395348837209,0.0348837209302325,0.0348837209302325,0.0697674418604651,0.0697674418604651,0.0,0.0697674418604651
0.1212121212121212,0.0242424242424242,0.0545454545454545,0.0606060606060606,0.0363636363636363,0.0696969696969697,0.0272727272727272,0.0363636363636363,0.0363636363636363,0.106060606060606,0.0333333333333333,0.0151515151515151,0.0666666666666666,0.0303030303030303,0.0696969696969697,0.0575757575757575,0.0333333333333333,0.0757575757575757,0.009090909090909,0.0363636363636363
0.1118110236220472,0.0125984251968503,0.0236220472440944,0.0299212598425196,0.0566929133858267,0.0834645669291338,0.0251968503937007,0.0488188976377952,0.0125984251968503,0.1559055118110236,0.0251968503937007,0.0173228346456692,0.0566929133858267,0.0330708661417322,0.0362204724409448,0.089763779527559,0.0472440944881889,0.0818897637795275,0.0188976377952755,0.0330708661417322
0.1223404255319148,0.0159574468085106,0.0638297872340425,0.0638297872340425,0.026595744680851,0.0585106382978723,0.0212765957446808,0.0319148936170212,0.0,0.1223404255319148,0.0053191489361702,0.026595744680851,0.0797872340425532,0.0319148936170212,0.1117021276595744,0.0531914893617021,0.0478723404255319,0.0851063829787234,0.0212765957446808,0.0106382978723404
0.0298507462686567,0.0469083155650319,0.0511727078891258,0.0490405117270788,0.0277185501066098,0.0831556503198294,0.0191897654584221,0.0831556503198294,0.0469083155650319,0.0469083155650319,0.0149253731343283,0.0618336886993603,0.044776119402985,0.0277185501066098,0.0533049040511727,0.1023454157782516,0.0724946695095948,0.0767590618336887,0.0255863539445629,0.0362473347547974
0.0721357850070721,0.0268741159830268,0.0763790664780763,0.041018387553041,0.0622347949080622,0.0947666195190947,0.0198019801980198,0.0198019801980198,0.0311173974540311,0.0876944837340877,0.0127298444130127,0.0198019801980198,0.0834512022630834,0.0367751060820367,0.0693069306930693,0.0622347949080622,0.0707213578500707,0.0551626591230551,0.0198019801980198,0.0381895332390381
0.1616915422885572,0.0273631840796019,0.0099502487562189,0.0124378109452736,0.0298507462686567,0.1019900497512437,0.017412935323383,0.0199004975124378,0.0024875621890547,0.1641791044776119,0.017412935323383,0.0124378109452736,0.0696517412935323,0.0199004975124378,0.0945273631840796,0.099502487562189,0.0323383084577114,0.072139303482587,0.0248756218905472,0.0099502487562189
0.0872340425531914,0.0489361702127659,0.0297872340425531,0.0531914893617021,0.0297872340425531,0.0829787234042553,0.0212765957446808,0.0297872340425531,0.0361702127659574,0.1148936170212766,0.0234042553191489,0.0234042553191489,0.076595744680851,0.0617021276595744,0.0617021276595744,0.0638297872340425,0.0553191489361702,0.051063829787234,0.0212765957446808,0.0276595744680851
0.0769230769230769,0.0300187617260788,0.0525328330206379,0.0544090056285178,0.0281425891181988,0.1125703564727955,0.0206378986866791,0.0318949343339587,0.0469043151969981,0.0863039399624765,0.0225140712945591,0.0187617260787992,0.1219512195121951,0.0375234521575985,0.0712945590994371,0.0806754221388367,0.0300187617260788,0.0525328330206379,0.0093808630393996,0.0150093808630394
0.0491803278688524,0.0163934426229508,0.0163934426229508,0.0,0.1147540983606557,0.0655737704918032,0.0163934426229508,0.0983606557377049,0.0163934426229508,0.1475409836065573,0.0327868852459016,0.0491803278688524,0.0163934426229508,0.0655737704918032,0.0163934426229508,0.1639344262295081,0.0655737704918032,0.0491803278688524,0.0,0.0
0.0695876288659793,0.0463917525773195,0.0386597938144329,0.0309278350515463,0.056701030927835,0.0463917525773195,0.018041237113402,0.0798969072164948,0.0309278350515463,0.1082474226804123,0.0309278350515463,0.0386597938144329,0.0463917525773195,0.0386597938144329,0.0463917525773195,0.0670103092783505,0.0644329896907216,0.0824742268041237,0.0206185567010309,0.0386597938144329
0.0802415875754961,0.0207075064710957,0.0474547023295944,0.0517687661777394,0.0396893874029335,0.0802415875754961,0.0241587575496117,0.0483175150992234,0.0301984469370146,0.1087144089732528,0.0207075064710957,0.0301984469370146,0.082830025884383,0.0293356341673856,0.0733390854184641,0.088869715271786,0.0509059534081104,0.0578084555651423,0.0103537532355478,0.0241587575496117
0.0826086956521739,0.0326086956521739,0.0217391304347826,0.0543478260869565,0.0347826086956521,0.0630434782608695,0.0043478260869565,0.0413043478260869,0.0521739130434782,0.117391304347826,0.0260869565217391,0.0326086956521739,0.067391304347826,0.0282608695652173,0.0695652173913043,0.0760869565217391,0.0760869565217391,0.0565217391304347,0.0282608695652173,0.0347826086956521
0.0888888888888888,0.0361111111111111,0.0416666666666666,0.0305555555555555,0.0416666666666666,0.0583333333333333,0.0305555555555555,0.0444444444444444,0.0416666666666666,0.1583333333333333,0.0305555555555555,0.0194444444444444,0.0444444444444444,0.0166666666666666,0.0444444444444444,0.0944444444444444,0.0472222222222222,0.0777777777777777,0.0222222222222222,0.0305555555555555
0.0661478599221789,0.0330739299610894,0.0330739299610894,0.0622568093385214,0.0544747081712062,0.0817120622568093,0.0408560311284046,0.0525291828793774,0.0505836575875486,0.0914396887159533,0.036964980544747,0.0272373540856031,0.0603112840466926,0.0408560311284046,0.0505836575875486,0.0603112840466926,0.0544747081712062,0.0719844357976653,0.0097276264591439,0.0214007782101167
0.0608365019011406,0.0152091254752851,0.0361216730038022,0.0456273764258555,0.026615969581749,0.0551330798479087,0.0171102661596958,0.0494296577946768,0.0361216730038022,0.085551330798479,0.0095057034220532,0.085551330798479,0.0760456273764258,0.0570342205323193,0.0304182509505703,0.0931558935361216,0.1007604562737642,0.0703422053231939,0.0152091254752851,0.0342205323193916
0.0835654596100278,0.0362116991643454,0.0306406685236768,0.0250696378830083,0.0417827298050139,0.0445682451253481,0.0139275766016713,0.0724233983286908,0.0362116991643454,0.1309192200557103,0.0167130919220055,0.0529247910863509,0.0306406685236768,0.0306406685236768,0.0612813370473537,0.075208913649025,0.0724233983286908,0.0891364902506963,0.0194986072423398,0.0362116991643454
0.1174863387978142,0.0072859744990892,0.0446265938069216,0.0191256830601092,0.0418943533697632,0.0883424408014572,0.01183970856102,0.0418943533697632,0.0200364298724954,0.1147540983606557,0.0264116575591985,0.0227686703096539,0.0801457194899817,0.0255009107468123,0.0628415300546448,0.0546448087431694,0.075591985428051,0.0928961748633879,0.0273224043715847,0.0245901639344262
0.0723684210526315,0.0131578947368421,0.0394736842105263,0.0460526315789473,0.0328947368421052,0.0197368421052631,0.0197368421052631,0.0592105263157894,0.0460526315789473,0.1842105263157894,0.0263157894736842,0.0855263157894736,0.0789473684210526,0.0592105263157894,0.0526315789473684,0.0460526315789473,0.0723684210526315,0.0263157894736842,0.0131578947368421,0.006578947368421
0.0880434782608695,0.0293478260869565,0.0402173913043478,0.0597826086956521,0.0304347826086956,0.1043478260869565,0.0206521739130434,0.025,0.0434782608695652,0.0945652173913043,0.0239130434782608,0.0217391304347826,0.0804347826086956,0.0771739130434782,0.0445652173913043,0.0880434782608695,0.0402173913043478,0.0434782608695652,0.008695652173913,0.0358695652173913
0.06645056726094,0.0243111831442463,0.0405186385737439,0.0632090761750405,0.0405186385737439,0.0696920583468395,0.0340356564019448,0.0486223662884927,0.0372771474878444,0.1021069692058346,0.0226904376012965,0.0340356564019448,0.0745542949756888,0.0502431118314424,0.0470016207455429,0.06645056726094,0.0518638573743922,0.0696920583468395,0.0145867098865478,0.0421393841166936
0.0572687224669603,0.0330396475770925,0.0484581497797356,0.0748898678414096,0.0440528634361233,0.0770925110132158,0.013215859030837,0.039647577092511,0.066079295154185,0.1013215859030837,0.039647577092511,0.0286343612334801,0.0859030837004405,0.0374449339207048,0.0594713656387665,0.079295154185022,0.052863436123348,0.0352422907488986,0.0022026431718061,0.0242290748898678
0.0943396226415094,0.0335429769392033,0.0419287211740041,0.0440251572327044,0.0566037735849056,0.0524109014675052,0.0167714884696016,0.0670859538784067,0.020964360587002,0.0838574423480083,0.0272536687631027,0.050314465408805,0.0628930817610062,0.0335429769392033,0.0419287211740041,0.0796645702306079,0.0482180293501048,0.0859538784067086,0.0314465408805031,0.0272536687631027
0.1308411214953271,0.02803738317757,0.0336448598130841,0.0635514018691588,0.0429906542056074,0.0971962616822429,0.0130841121495327,0.0448598130841121,0.0523364485981308,0.0822429906542056,0.016822429906542,0.0317757009345794,0.0485981308411214,0.0317757009345794,0.0579439252336448,0.0579439252336448,0.0485981308411214,0.0822429906542056,0.0130841121495327,0.022429906542056
0.0344827586206896,0.0775862068965517,0.0344827586206896,0.0689655172413793,0.0258620689655172,0.0603448275862069,0.0474137931034482,0.0344827586206896,0.0905172413793103,0.0689655172413793,0.0344827586206896,0.0301724137931034,0.0646551724137931,0.0560344827586206,0.0818965517241379,0.0646551724137931,0.0258620689655172,0.0474137931034482,0.021551724137931,0.0301724137931034
0.125,0.0182926829268292,0.0274390243902439,0.0609756097560975,0.0304878048780487,0.0945121951219512,0.024390243902439,0.0548780487804878,0.0701219512195122,0.1036585365853658,0.024390243902439,0.0213414634146341,0.0548780487804878,0.0365853658536585,0.024390243902439,0.0640243902439024,0.0457317073170731,0.0914634146341463,0.0152439024390243,0.0121951219512195
0.0861244019138756,0.0334928229665071,0.0287081339712918,0.0287081339712918,0.0574162679425837,0.055023923444976,0.0143540669856459,0.0526315789473684,0.0430622009569378,0.0741626794258373,0.0382775119617224,0.0406698564593301,0.055023923444976,0.0358851674641148,0.0574162679425837,0.0909090909090909,0.0645933014354067,0.0837320574162679,0.0358851674641148,0.0239234449760765
0.072356215213358,0.0185528756957328,0.0241187384044526,0.0686456400742115,0.0742115027829313,0.085343228200371,0.0166975881261595,0.059369202226345,0.0278293135435992,0.1094619666048237,0.0389610389610389,0.0148423005565862,0.0927643784786641,0.0445269016697588,0.0445269016697588,0.0705009276437847,0.0371057513914656,0.0630797773654916,0.0111317254174397,0.0259740259740259
0.0706521739130434,0.0253623188405797,0.0253623188405797,0.0452898550724637,0.0579710144927536,0.0815217391304347,0.0235507246376811,0.0434782608695652,0.0434782608695652,0.1068840579710145,0.0416666666666666,0.0434782608695652,0.0688405797101449,0.0307971014492753,0.0380434782608695,0.0815217391304347,0.0489130434782608,0.0742753623188405,0.019927536231884,0.0289855072463768
0.0478325859491778,0.0313901345291479,0.0358744394618834,0.0553064275037369,0.0523168908819133,0.0672645739910313,0.0224215246636771,0.0284005979073243,0.0343796711509716,0.0926756352765321,0.0284005979073243,0.0582959641255605,0.0732436472346786,0.0433482810164424,0.0582959641255605,0.1016442451420029,0.0508221225710014,0.0523168908819133,0.0194319880418535,0.046337817638266
0.1158536585365853,0.0182926829268292,0.0518292682926829,0.0701219512195122,0.0396341463414634,0.1006097560975609,0.0213414634146341,0.0121951219512195,0.0274390243902439,0.1280487804878048,0.0213414634146341,0.0152439024390243,0.0609756097560975,0.024390243902439,0.0701219512195122,0.0548780487804878,0.048780487804878,0.0975609756097561,0.0030487804878048,0.0182926829268292
0.0439560439560439,0.0395604395604395,0.0417582417582417,0.0659340659340659,0.0307692307692307,0.0571428571428571,0.0307692307692307,0.0549450549450549,0.0659340659340659,0.1010989010989011,0.0285714285714285,0.0307692307692307,0.0879120879120879,0.0373626373626373,0.0483516483516483,0.0879120879120879,0.0791208791208791,0.0417582417582417,0.0021978021978021,0.0241758241758241
0.045679012345679,0.0592592592592592,0.0444444444444444,0.0691358024691358,0.0259259259259259,0.0765432098765432,0.0296296296296296,0.0271604938271604,0.0604938271604938,0.0592592592592592,0.0135802469135802,0.0493827160493827,0.0851851851851851,0.0382716049382716,0.0518518518518518,0.0691358024691358,0.0753086419753086,0.0592592592592592,0.0234567901234567,0.037037037037037
0.0594262295081967,0.0491803278688524,0.055327868852459,0.0901639344262295,0.0430327868852459,0.081967213114754,0.0184426229508196,0.0368852459016393,0.0676229508196721,0.0799180327868852,0.0163934426229508,0.0430327868852459,0.0389344262295082,0.0389344262295082,0.0594262295081967,0.0594262295081967,0.0737704918032786,0.0471311475409836,0.0122950819672131,0.0286885245901639
0.0826666666666666,0.0426666666666666,0.0453333333333333,0.0533333333333333,0.04,0.096,0.0213333333333333,0.0693333333333333,0.0853333333333333,0.0773333333333333,0.0293333333333333,0.0293333333333333,0.0533333333333333,0.0186666666666666,0.024,0.0613333333333333,0.0586666666666666,0.096,0.0053333333333333,0.0106666666666666
0.1275415896487985,0.0147874306839186,0.0314232902033271,0.0499075785582255,0.0406654343807763,0.0979667282809611,0.0092421441774491,0.055452865064695,0.0240295748613678,0.1515711645101663,0.0203327171903881,0.033271719038817,0.0499075785582255,0.0184842883548983,0.0425138632162661,0.0646950092421441,0.044362292051756,0.0979667282809611,0.0092421441774491,0.0166358595194085
0.108433734939759,0.0421686746987951,0.0271084337349397,0.0210843373493975,0.0572289156626506,0.0572289156626506,0.0150602409638554,0.0572289156626506,0.0301204819277108,0.1355421686746988,0.0240963855421686,0.0481927710843373,0.0391566265060241,0.0331325301204819,0.036144578313253,0.0512048192771084,0.0602409638554216,0.1054216867469879,0.0150602409638554,0.036144578313253
0.108695652173913,0.0271739130434782,0.0815217391304347,0.0543478260869565,0.0163043478260869,0.108695652173913,0.0271739130434782,0.0434782608695652,0.0326086956521739,0.1032608695652173,0.0217391304347826,0.0326086956521739,0.0163043478260869,0.0108695652173913,0.0760869565217391,0.0978260869565217,0.0652173913043478,0.0597826086956521,0.0054347826086956,0.0108695652173913
0.1129707112970711,0.00836820083682,0.0502092050209205,0.0418410041841004,0.0502092050209205,0.0920502092050209,0.0376569037656903,0.0292887029288702,0.0167364016736401,0.0920502092050209,0.0292887029288702,0.0251046025104602,0.0794979079497908,0.0251046025104602,0.0711297071129707,0.0627615062761506,0.0502092050209205,0.0669456066945606,0.0251046025104602,0.0334728033472803
0.0808270676691729,0.0319548872180451,0.0300751879699248,0.0488721804511278,0.0319548872180451,0.037593984962406,0.0150375939849624,0.0526315789473684,0.0714285714285714,0.0977443609022556,0.0206766917293233,0.0432330827067669,0.056390977443609,0.0319548872180451,0.0545112781954887,0.0770676691729323,0.0808270676691729,0.0714285714285714,0.0244360902255639,0.0413533834586466
0.0567107750472589,0.0321361058601134,0.0567107750472589,0.051039697542533,0.0586011342155009,0.0642722117202268,0.0321361058601134,0.0415879017013232,0.0321361058601134,0.1039697542533081,0.0283553875236294,0.051039697542533,0.0623818525519848,0.0434782608695652,0.051039697542533,0.0964083175803402,0.0359168241965973,0.0321361058601134,0.0264650283553875,0.0434782608695652
0.0653266331658291,0.0175879396984924,0.0527638190954773,0.0276381909547738,0.0376884422110552,0.0829145728643216,0.0226130653266331,0.0427135678391959,0.0276381909547738,0.1055276381909547,0.0251256281407035,0.0477386934673366,0.0854271356783919,0.050251256281407,0.0678391959798995,0.0778894472361809,0.0376884422110552,0.0753768844221105,0.007537688442211,0.0427135678391959
0.0806317539484621,0.0241064006650041,0.0415627597672485,0.0648379052369077,0.0390689941812136,0.0773067331670823,0.0207813798836242,0.0315876974231088,0.0307564422277639,0.1064006650041562,0.0141313383208645,0.0232751454696591,0.0889443059019119,0.0590191188694929,0.0739817123857024,0.0673316708229426,0.0532003325020781,0.0606816292601828,0.0174563591022443,0.0249376558603491
0.043222003929273,0.0412573673870334,0.0569744597249508,0.0510805500982318,0.0333988212180746,0.068762278978389,0.0235756385068762,0.0530451866404715,0.0569744597249508,0.1041257367387033,0.0275049115913556,0.0451866404715127,0.0451866404715127,0.0451866404715127,0.0510805500982318,0.0707269155206286,0.0589390962671905,0.0785854616895874,0.0176817288801571,0.0275049115913556
0.0840035746201966,0.0303842716711349,0.0357462019660411,0.0536193029490616,0.0446827524575513,0.0804289544235924,0.0232350312779267,0.0455764075067024,0.0393208221626452,0.1349419124218051,0.0241286863270777,0.0312779267202859,0.0446827524575513,0.033958891867739,0.066130473637176,0.0563002680965147,0.0518319928507596,0.0822162645218945,0.0071492403932082,0.0303842716711349
0.0666666666666666,0.0705882352941176,0.0509803921568627,0.0470588235294117,0.0274509803921568,0.0588235294117647,0.0470588235294117,0.0117647058823529,0.0588235294117647,0.1058823529411764,0.0352941176470588,0.0470588235294117,0.0470588235294117,0.0431372549019607,0.0431372549019607,0.0705882352941176,0.0509803921568627,0.0392156862745098,0.0549019607843137,0.0235294117647058
0.0338164251207729,0.0289855072463768,0.0579710144927536,0.0628019323671497,0.0096618357487922,0.1111111111111111,0.0144927536231884,0.0579710144927536,0.0531400966183574,0.0821256038647343,0.0241545893719806,0.0483091787439613,0.0579710144927536,0.0483091787439613,0.0628019323671497,0.0628019323671497,0.0434782608695652,0.0676328502415458,0.0193236714975845,0.0531400966183574
0.0725806451612903,0.032258064516129,0.0241935483870967,0.032258064516129,0.0080645161290322,0.0887096774193548,0.0241935483870967,0.0241935483870967,0.1048387096774193,0.064516129032258,0.0080645161290322,0.0403225806451612,0.0564516129032258,0.032258064516129,0.1209677419354838,0.0483870967741935,0.064516129032258,0.1209677419354838,0.0,0.032258064516129
0.0496894409937888,0.0093167701863354,0.0590062111801242,0.0590062111801242,0.0279503105590062,0.1118012422360248,0.0248447204968944,0.0714285714285714,0.0745341614906832,0.1024844720496894,0.0124223602484472,0.0279503105590062,0.0714285714285714,0.015527950310559,0.0403726708074534,0.062111801242236,0.0683229813664596,0.077639751552795,0.0062111801242236,0.0279503105590062
0.0746268656716417,0.0074626865671641,0.0298507462686567,0.0671641791044776,0.0597014925373134,0.1119402985074626,0.0298507462686567,0.0298507462686567,0.0074626865671641,0.1119402985074626,0.0223880597014925,0.0074626865671641,0.0373134328358208,0.0223880597014925,0.0522388059701492,0.0746268656716417,0.1119402985074626,0.0597014925373134,0.0298507462686567,0.0522388059701492
0.1266846361185983,0.0296495956873315,0.0269541778975741,0.0296495956873315,0.0377358490566037,0.0646900269541779,0.0242587601078167,0.0323450134770889,0.0107816711590296,0.1320754716981132,0.0269541778975741,0.0161725067385444,0.0700808625336927,0.0242587601078167,0.0781671159029649,0.0943396226415094,0.045822102425876,0.0808625336927223,0.0296495956873315,0.0188679245283018
0.0807799442896936,0.0389972144846796,0.022284122562674,0.0362116991643454,0.0696378830083565,0.0584958217270195,0.0194986072423398,0.0306406685236768,0.022284122562674,0.1643454038997214,0.0362116991643454,0.0278551532033426,0.0501392757660167,0.022284122562674,0.0779944289693593,0.0919220055710306,0.0389972144846796,0.0668523676880222,0.011142061281337,0.0334261838440111
0.0612980769230769,0.0240384615384615,0.0264423076923076,0.03125,0.048076923076923,0.063701923076923,0.0540865384615384,0.0336538461538461,0.0384615384615384,0.1225961538461538,0.0120192307692307,0.0384615384615384,0.079326923076923,0.0420673076923076,0.0661057692307692,0.0985576923076923,0.046875,0.0588942307692307,0.0192307692307692,0.0348557692307692
0.0613636363636363,0.0363636363636363,0.0295454545454545,0.05,0.059090909090909,0.0545454545454545,0.0318181818181818,0.059090909090909,0.025,0.1431818181818182,0.025,0.0386363636363636,0.0409090909090909,0.0454545454545454,0.059090909090909,0.0795454545454545,0.0363636363636363,0.0704545454545454,0.0272727272727272,0.0272727272727272
0.0579399141630901,0.055793991416309,0.0450643776824034,0.0643776824034334,0.0300429184549356,0.0965665236051502,0.0321888412017167,0.0364806866952789,0.0407725321888412,0.1008583690987124,0.0128755364806866,0.0278969957081545,0.0515021459227467,0.0493562231759656,0.0665236051502145,0.0665236051502145,0.0515021459227467,0.0686695278969957,0.01931330472103,0.0257510729613733
0.1199294532627865,0.0141093474426807,0.0670194003527336,0.0511463844797178,0.0246913580246913,0.0970017636684303,0.037037037037037,0.0776014109347442,0.0299823633156966,0.0723104056437389,0.0282186948853615,0.0317460317460317,0.0493827160493827,0.0335097001763668,0.0423280423280423,0.0405643738977072,0.0723104056437389,0.0828924162257495,0.0123456790123456,0.0158730158730158
0.141280353200883,0.0286975717439293,0.0551876379690949,0.0507726269315673,0.0419426048565121,0.1015452538631346,0.0264900662251655,0.0088300220750551,0.0088300220750551,0.1258278145695364,0.0088300220750551,0.0176600441501103,0.0706401766004415,0.0264900662251655,0.0772626931567329,0.0662251655629139,0.0264900662251655,0.0927152317880794,0.0176600441501103,0.0066225165562913
0.1428571428571428,0.0259740259740259,0.0216450216450216,0.0324675324675324,0.0584415584415584,0.1017316017316017,0.0064935064935064,0.0346320346320346,0.0173160173160173,0.0865800865800865,0.0108225108225108,0.0259740259740259,0.0562770562770562,0.0238095238095238,0.0995670995670995,0.0844155844155844,0.0324675324675324,0.0887445887445887,0.0173160173160173,0.0324675324675324
0.0578778135048231,0.0273311897106109,0.0530546623794212,0.0771704180064308,0.0353697749196141,0.0578778135048231,0.0305466237942122,0.0385852090032154,0.0691318327974276,0.090032154340836,0.0192926045016077,0.0369774919614147,0.090032154340836,0.0418006430868167,0.0209003215434083,0.0787781350482315,0.067524115755627,0.0514469453376205,0.022508038585209,0.0337620578778135
0.0627674750356633,0.0271041369472182,0.0456490727532097,0.0741797432239657,0.042796005706134,0.0884450784593438,0.0313837375178316,0.0513552068473609,0.0513552068473609,0.0756062767475035,0.021398002853067,0.0228245363766048,0.0627674750356633,0.0342368045649072,0.0513552068473609,0.0570613409415121,0.0627674750356633,0.0741797432239657,0.0242510699001426,0.0385164051355206
0.0685185185185185,0.024074074074074,0.0364197530864197,0.0629629629629629,0.0320987654320987,0.1012345679012345,0.0246913580246913,0.0407407407407407,0.0419753086419753,0.1012345679012345,0.0253086419753086,0.0401234567901234,0.0777777777777777,0.0388888888888888,0.0530864197530864,0.0864197530864197,0.045679012345679,0.0555555555555555,0.0203703703703703,0.0228395061728395
0.1527777777777778,0.0218253968253968,0.0376984126984126,0.0496031746031746,0.0496031746031746,0.121031746031746,0.0039682539682539,0.0218253968253968,0.0099206349206349,0.1448412698412698,0.0238095238095238,0.0138888888888888,0.0714285714285714,0.0099206349206349,0.0694444444444444,0.0555555555555555,0.0297619047619047,0.0813492063492063,0.0079365079365079,0.0238095238095238
0.0477223427331887,0.0520607375271149,0.0412147505422993,0.0932754880694143,0.0455531453362256,0.0780911062906724,0.0216919739696312,0.054229934924078,0.0607375271149674,0.0607375271149674,0.0130151843817787,0.0694143167028199,0.0325379609544468,0.0303687635574837,0.0433839479392624,0.0585683297180043,0.0672451193058568,0.0802603036876355,0.0151843817787418,0.0347071583514099
0.0893854748603352,0.0363128491620111,0.0307262569832402,0.0307262569832402,0.047486033519553,0.0586592178770949,0.0139664804469273,0.0502793296089385,0.0083798882681564,0.1452513966480447,0.0307262569832402,0.0223463687150838,0.0418994413407821,0.0335195530726257,0.0893854748603352,0.106145251396648,0.0558659217877094,0.0614525139664804,0.0139664804469273,0.0335195530726257
0.0520607375271149,0.0520607375271149,0.0650759219088937,0.0737527114967462,0.0325379609544468,0.0759219088937093,0.0390455531453362,0.0390455531453362,0.0520607375271149,0.106290672451193,0.0173535791757049,0.0281995661605206,0.0433839479392624,0.0325379609544468,0.0607375271149674,0.0780911062906724,0.0390455531453362,0.0629067245119305,0.0325379609544468,0.0173535791757049
0.097029702970297,0.0297029702970297,0.0217821782178217,0.0277227722772277,0.0693069306930693,0.0891089108910891,0.0178217821782178,0.0475247524752475,0.0198019801980198,0.1425742574257425,0.0316831683168316,0.0237623762376237,0.0574257425742574,0.0396039603960396,0.0415841584158415,0.0811881188118811,0.0475247524752475,0.0653465346534653,0.0257425742574257,0.0237623762376237
0.1434689507494646,0.0578158458244111,0.0471092077087794,0.012847965738758,0.0278372591006423,0.0899357601713062,0.0042826552462526,0.0171306209850107,0.0085653104925053,0.1177730192719486,0.012847965738758,0.0235546038543897,0.1477516059957173,0.025695931477516,0.0770877944325481,0.0471092077087794,0.032119914346895,0.0792291220556745,0.012847965738758,0.0149892933618843
0.1048689138576779,0.0411985018726591,0.0299625468164794,0.0187265917602996,0.0374531835205992,0.1011235955056179,0.0262172284644194,0.0449438202247191,0.0,0.1123595505617977,0.0149812734082397,0.0636704119850187,0.0561797752808988,0.0449438202247191,0.0898876404494382,0.0561797752808988,0.0337078651685393,0.1048689138576779,0.0112359550561797,0.0074906367041198
0.0572109654350417,0.0321811680572109,0.0369487485101311,0.0441001191895113,0.0572109654350417,0.0441001191895113,0.0214541120381406,0.0595947556615017,0.0262216924910607,0.1168057210965435,0.0286054827175208,0.0476758045292014,0.0548271752085816,0.0452920143027413,0.0441001191895113,0.0774731823599523,0.0595947556615017,0.0846245530393325,0.0178784266984505,0.0441001191895113
0.0826666666666666,0.04,0.0453333333333333,0.0506666666666666,0.0426666666666666,0.1013333333333333,0.0186666666666666,0.0586666666666666,0.0853333333333333,0.0773333333333333,0.0213333333333333,0.032,0.0533333333333333,0.016,0.0293333333333333,0.056,0.064,0.104,0.0053333333333333,0.016
0.058411214953271,0.0327102803738317,0.0210280373831775,0.0373831775700934,0.0560747663551401,0.0490654205607476,0.0070093457943925,0.0630841121495327,0.0443925233644859,0.1238317757009345,0.0373831775700934,0.0514018691588785,0.0607476635514018,0.0303738317757009,0.0537383177570093,0.102803738317757,0.0654205607476635,0.0607476635514018,0.014018691588785,0.0303738317757009
0.104384133611691,0.022964509394572,0.0167014613778705,0.0334029227557411,0.0438413361169102,0.0375782881002087,0.0104384133611691,0.0584551148225469,0.0521920668058455,0.0897703549060542,0.0271398747390396,0.0542797494780793,0.0730688935281837,0.0313152400835073,0.0563674321503131,0.068893528183716,0.081419624217119,0.0876826722338204,0.0187891440501043,0.0313152400835073
0.1088888888888888,0.0311111111111111,0.0444444444444444,0.04,0.0355555555555555,0.06,0.0311111111111111,0.0288888888888888,0.0111111111111111,0.1533333333333333,0.0244444444444444,0.0222222222222222,0.0711111111111111,0.0288888888888888,0.08,0.06,0.0511111111111111,0.0733333333333333,0.02,0.0244444444444444
0.0627705627705627,0.0281385281385281,0.0454545454545454,0.0606060606060606,0.0367965367965368,0.0692640692640692,0.0324675324675324,0.0432900432900432,0.0562770562770562,0.1038961038961039,0.0367965367965368,0.0389610389610389,0.0757575757575757,0.0303030303030303,0.0541125541125541,0.0974025974025974,0.0519480519480519,0.0519480519480519,0.0043290043290043,0.0194805194805194
0.0913348946135831,0.0210772833723653,0.0257611241217798,0.0398126463700234,0.0304449648711943,0.0749414519906323,0.0327868852459016,0.0351288056206089,0.0468384074941452,0.1709601873536299,0.0351288056206089,0.0234192037470726,0.0351288056206089,0.0468384074941452,0.0679156908665105,0.0491803278688524,0.0515222482435597,0.0772833723653395,0.0257611241217798,0.018735362997658
0.0876777251184834,0.0236966824644549,0.0450236966824644,0.0355450236966824,0.0189573459715639,0.0924170616113744,0.0189573459715639,0.0213270142180094,0.0189573459715639,0.1090047393364928,0.0023696682464454,0.0094786729857819,0.1161137440758293,0.0521327014218009,0.0663507109004739,0.0947867298578199,0.0545023696682464,0.0781990521327014,0.0308056872037914,0.0236966824644549
0.1263440860215053,0.0376344086021505,0.0376344086021505,0.021505376344086,0.0483870967741935,0.053763440860215,0.0080645161290322,0.0591397849462365,0.032258064516129,0.1075268817204301,0.032258064516129,0.0268817204301075,0.0672043010752688,0.010752688172043,0.0618279569892473,0.0725806451612903,0.053763440860215,0.0940860215053763,0.0161290322580645,0.032258064516129
0.0895765472312703,0.013029315960912,0.0472312703583061,0.0553745928338762,0.0472312703583061,0.0944625407166123,0.02442996742671,0.014657980456026,0.01628664495114,0.1123778501628664,0.014657980456026,0.0276872964169381,0.0830618892508143,0.0390879478827361,0.0700325732899022,0.0586319218241042,0.0423452768729641,0.0879478827361563,0.0276872964169381,0.0342019543973941
0.0643564356435643,0.0231023102310231,0.0495049504950495,0.0429042904290429,0.0429042904290429,0.066006600660066,0.033003300330033,0.0363036303630363,0.0495049504950495,0.0907590759075907,0.0264026402640264,0.0297029702970297,0.0709570957095709,0.0528052805280528,0.0693069306930693,0.0874587458745874,0.0561056105610561,0.0726072607260726,0.0099009900990099,0.0264026402640264
0.0885188431200701,0.0236634531113058,0.0534618755477651,0.0683610867659947,0.0289219982471516,0.0622261174408413,0.0271691498685363,0.0438212094653812,0.0411919368974583,0.1051709027169149,0.0192813321647677,0.0350569675723049,0.0674846625766871,0.0368098159509202,0.0569675723049956,0.0990359333917616,0.0525854513584574,0.0552147239263803,0.0131463628396143,0.0219106047326906
0.0798845043310875,0.0192492781520692,0.0490856592877767,0.0567853705486044,0.0336862367661212,0.0885466794995187,0.0221366698748796,0.0279114533205004,0.0230991337824831,0.1260827718960539,0.012512030798845,0.0356111645813282,0.0731472569778633,0.0596727622714148,0.0519730510105871,0.0721847930702598,0.0356111645813282,0.0866217516843118,0.0192492781520692,0.026948989412897
0.0984251968503937,0.0177165354330708,0.0255905511811023,0.0688976377952756,0.0413385826771653,0.0728346456692913,0.0314960629921259,0.0196850393700787,0.0196850393700787,0.1299212598425196,0.0137795275590551,0.0177165354330708,0.0807086614173228,0.0393700787401574,0.0964566929133858,0.0610236220472441,0.0531496062992126,0.0728346456692913,0.0177165354330708,0.0216535433070866
0.1013513513513513,0.018581081081081,0.0152027027027027,0.0354729729729729,0.0608108108108108,0.0608108108108108,0.0168918918918918,0.0726351351351351,0.0304054054054054,0.152027027027027,0.0320945945945945,0.0439189189189189,0.0675675675675675,0.0388513513513513,0.0168918918918918,0.0726351351351351,0.0591216216216216,0.0641891891891891,0.0253378378378378,0.0152027027027027
0.0891304347826087,0.0391304347826087,0.0478260869565217,0.0652173913043478,0.0478260869565217,0.0826086956521739,0.0304347826086956,0.05,0.0543478260869565,0.0978260869565217,0.0260869565217391,0.0217391304347826,0.0456521739130434,0.0326086956521739,0.0260869565217391,0.0760869565217391,0.0413043478260869,0.0869565217391304,0.0130434782608695,0.0260869565217391
0.0615711252653927,0.0318471337579617,0.0424628450106157,0.0382165605095541,0.0530785562632696,0.0382165605095541,0.0127388535031847,0.0721868365180467,0.0573248407643312,0.1210191082802547,0.0318471337579617,0.0594479830148619,0.0297239915074309,0.0382165605095541,0.0276008492569002,0.1125265392781316,0.0573248407643312,0.0700636942675159,0.0148619957537154,0.0297239915074309
0.0934426229508196,0.0032786885245901,0.0459016393442622,0.0639344262295081,0.0196721311475409,0.0688524590163934,0.0081967213114754,0.0688524590163934,0.0868852459016393,0.080327868852459,0.0229508196721311,0.0524590163934426,0.0360655737704918,0.0245901639344262,0.0688524590163934,0.0688524590163934,0.0573770491803278,0.0901639344262295,0.001639344262295,0.0377049180327868
0.0755287009063444,0.0287009063444108,0.0513595166163142,0.0543806646525679,0.0498489425981873,0.0574018126888217,0.0271903323262839,0.0468277945619335,0.0558912386706948,0.1012084592145015,0.0302114803625377,0.0256797583081571,0.0604229607250755,0.0407854984894259,0.0574018126888217,0.0861027190332326,0.0468277945619335,0.0649546827794562,0.0181268882175226,0.0211480362537764
0.0624457935819601,0.023417172593235,0.0450997398091934,0.0659150043365134,0.044232437120555,0.0589765828274067,0.0346921075455333,0.0355594102341717,0.0581092801387684,0.1014744145706851,0.0251517779705117,0.0320901994796183,0.0633130962705984,0.0537727666955767,0.0581092801387684,0.0676496097137901,0.0511708586296617,0.0685169124024284,0.018213356461405,0.0320901994796183
0.0696576151121605,0.0082644628099173,0.0625737898465171,0.0696576151121605,0.0472255017709563,0.0566706021251475,0.0224321133412042,0.0649350649350649,0.076741440377804,0.0991735537190082,0.0271546635182998,0.0590318772136954,0.037780401416765,0.0342384887839433,0.0519480519480519,0.0413223140495867,0.0472255017709563,0.0684769775678866,0.0141676505312868,0.0413223140495867
0.0981595092024539,0.0276073619631901,0.0276073619631901,0.0337423312883435,0.058282208588957,0.0368098159509202,0.0153374233128834,0.0950920245398773,0.0460122699386503,0.1257668711656441,0.0276073619631901,0.0368098159509202,0.0674846625766871,0.0245398773006134,0.0368098159509202,0.0552147239263803,0.0306748466257668,0.0981595092024539,0.0214723926380368,0.0368098159509202
0.0858407079646017,0.0123893805309734,0.0371681415929203,0.079646017699115,0.0256637168141592,0.0778761061946902,0.0212389380530973,0.0292035398230088,0.0725663716814159,0.0849557522123893,0.015929203539823,0.0353982300884955,0.079646017699115,0.0292035398230088,0.0566371681415929,0.1061946902654867,0.0575221238938053,0.0548672566371681,0.011504424778761,0.0265486725663716
0.046692607003891,0.0194552529182879,0.0311284046692607,0.0700389105058365,0.0583657587548638,0.046692607003891,0.0194552529182879,0.0428015564202334,0.0661478599221789,0.1050583657587548,0.0116731517509727,0.0778210116731517,0.0622568093385214,0.0428015564202334,0.0272373540856031,0.0622568093385214,0.0544747081712062,0.0817120622568093,0.0311284046692607,0.0428015564202334
0.0494186046511627,0.0261627906976744,0.0552325581395348,0.0857558139534883,0.0552325581395348,0.0581395348837209,0.0348837209302325,0.0494186046511627,0.0872093023255814,0.1046511627906976,0.0305232558139534,0.0348837209302325,0.0392441860465116,0.0450581395348837,0.0552325581395348,0.0566860465116279,0.0392441860465116,0.0494186046511627,0.0101744186046511,0.0334302325581395
0.087378640776699,0.0048543689320388,0.0388349514563106,0.0825242718446602,0.0194174757281553,0.0728155339805825,0.0145631067961165,0.0388349514563106,0.0970873786407767,0.1019417475728155,0.0194174757281553,0.0388349514563106,0.029126213592233,0.0436893203883495,0.1067961165048543,0.0533980582524271,0.029126213592233,0.0776699029126213,0.0048543689320388,0.0388349514563106
0.0507936507936507,0.0222222222222222,0.0793650793650793,0.0571428571428571,0.0634920634920634,0.0634920634920634,0.0285714285714285,0.0603174603174603,0.0888888888888888,0.0857142857142857,0.0253968253968253,0.0317460317460317,0.0698412698412698,0.0349206349206349,0.0412698412698412,0.0507936507936507,0.0507936507936507,0.0476190476190476,0.0126984126984126,0.0349206349206349
0.074101247248716,0.0271460014673514,0.0513573000733675,0.0748349229640499,0.0322817314746881,0.0638297872340425,0.0278796771826852,0.0374174614820249,0.041085840058694,0.1027146001467351,0.0183418928833455,0.0315480557593543,0.053558327219369,0.0403521643433602,0.0667644900953778,0.0858400586940572,0.0469552457813646,0.0726338958180484,0.020542920029347,0.0308143800440205
0.0753880266075388,0.0221729490022172,0.048780487804878,0.082039911308204,0.048780487804878,0.0753880266075388,0.0288248337028824,0.0554323725055432,0.0332594235033259,0.0798226164079822,0.0376940133037694,0.0532150776053215,0.0376940133037694,0.0465631929046563,0.0509977827050997,0.0687361419068736,0.048780487804878,0.0687361419068736,0.0088691796008869,0.0288248337028824
0.0523168908819133,0.0246636771300448,0.0500747384155455,0.0627802690582959,0.0366218236173393,0.0538116591928251,0.0224215246636771,0.0642750373692077,0.0754857997010463,0.0919282511210762,0.0239162929745889,0.0433482810164424,0.0455904334828101,0.0291479820627802,0.0508221225710014,0.0956651718983557,0.0724962630792227,0.0553064275037369,0.0119581464872944,0.0373692077727952
0.0658682634730539,0.0139720558882235,0.0159680638722554,0.0419161676646706,0.0678642714570858,0.0758483033932135,0.0119760479041916,0.0998003992015968,0.0419161676646706,0.12375249500998,0.0279441117764471,0.0279441117764471,0.0538922155688622,0.0199600798403193,0.0399201596806387,0.0698602794411177,0.06187624750499,0.0898203592814371,0.0139720558882235,0.0359281437125748
0.1043165467625899,0.0179856115107913,0.0431654676258992,0.0575539568345323,0.0251798561151079,0.0899280575539568,0.014388489208633,0.0503597122302158,0.0539568345323741,0.0899280575539568,0.0323741007194244,0.0323741007194244,0.039568345323741,0.0179856115107913,0.0611510791366906,0.0827338129496402,0.0647482014388489,0.1043165467625899,0.0107913669064748,0.0071942446043165
