A,C,D,E,F,G,H,I,K,L,M,N,P,Q,R,S,T,V,W,Y
0.0505464480874316,0.0122950819672131,0.064207650273224,0.0655737704918032,0.0437158469945355,0.0683060109289617,0.0191256830601092,0.0519125683060109,0.0519125683060109,0.0655737704918032,0.0273224043715847,0.0546448087431694,0.0450819672131147,0.0368852459016393,0.0614754098360655,0.0628415300546448,0.0614754098360655,0.0969945355191256,0.0204918032786885,0.0396174863387978
0.1169429097605893,0.0119705340699815,0.0349907918968692,0.0395948434622467,0.0331491712707182,0.1077348066298342,0.0147329650092081,0.0644567219152854,0.0570902394106814,0.1095764272559852,0.0322283609576427,0.0368324125230202,0.0488029465930018,0.0322283609576427,0.0220994475138121,0.0580110497237569,0.0653775322283609,0.078268876611418,0.003683241252302,0.0322283609576427
0.0833333333333333,0.0092592592592592,0.0277777777777777,0.0555555555555555,0.037037037037037,0.0555555555555555,0.0277777777777777,0.0,0.0833333333333333,0.1018518518518518,0.0277777777777777,0.037037037037037,0.1018518518518518,0.074074074074074,0.0555555555555555,0.1111111111111111,0.0555555555555555,0.0277777777777777,0.0,0.0277777777777777
0.0778947368421052,0.0273684210526315,0.0421052631578947,0.0168421052631578,0.0673684210526315,0.0778947368421052,0.0357894736842105,0.0589473684210526,0.0378947368421052,0.1157894736842105,0.0168421052631578,0.0357894736842105,0.0442105263157894,0.031578947368421,0.0442105263157894,0.0442105263157894,0.0526315789473684,0.0694736842105263,0.0421052631578947,0.0610526315789473
0.0734341252699784,0.0140388768898488,0.0496760259179265,0.0669546436285097,0.0248380129589632,0.0842332613390928,0.0323974082073434,0.070194384449244,0.060475161987041,0.1090712742980561,0.0334773218142548,0.0345572354211663,0.0518358531317494,0.0313174946004319,0.0421166306695464,0.0626349892008639,0.0496760259179265,0.0637149028077753,0.0064794816414686,0.038876889848812
0.0551020408163265,0.0265306122448979,0.0510204081632653,0.0897959183673469,0.0571428571428571,0.0571428571428571,0.0204081632653061,0.0346938775510204,0.0714285714285714,0.0959183673469387,0.0204081632653061,0.0346938775510204,0.046938775510204,0.0387755102040816,0.0571428571428571,0.073469387755102,0.0551020408163265,0.0632653061224489,0.0081632653061224,0.0428571428571428
0.056338028169014,0.0169014084507042,0.0619718309859154,0.0619718309859154,0.0366197183098591,0.0619718309859154,0.0309859154929577,0.0507042253521126,0.0788732394366197,0.104225352112676,0.0140845070422535,0.0309859154929577,0.0422535211267605,0.0450704225352112,0.0591549295774647,0.0647887323943662,0.0478873239436619,0.0676056338028169,0.0140845070422535,0.0535211267605633
0.0471698113207547,0.0377358490566037,0.0471698113207547,0.0943396226415094,0.0377358490566037,0.0849056603773584,0.0377358490566037,0.0849056603773584,0.1037735849056603,0.0566037735849056,0.0283018867924528,0.0094339622641509,0.0660377358490566,0.0471698113207547,0.0943396226415094,0.0094339622641509,0.0471698113207547,0.0094339622641509,0.0188679245283018,0.0377358490566037
0.0806451612903225,0.0483870967741935,0.0483870967741935,0.064516129032258,0.0403225806451612,0.1129032258064516,0.0403225806451612,0.0403225806451612,0.0483870967741935,0.064516129032258,0.0161290322580645,0.032258064516129,0.032258064516129,0.0403225806451612,0.0887096774193548,0.0241935483870967,0.064516129032258,0.0806451612903225,0.0,0.032258064516129
0.0511945392491467,0.0238907849829351,0.0341296928327645,0.0614334470989761,0.0887372013651877,0.0409556313993174,0.0546075085324232,0.0716723549488054,0.0580204778156996,0.1058020477815699,0.0204778156996587,0.0511945392491467,0.0477815699658703,0.0273037542662116,0.030716723549488,0.0375426621160409,0.0511945392491467,0.0375426621160409,0.0375426621160409,0.068259385665529
0.0577427821522309,0.0209973753280839,0.0393700787401574,0.0551181102362204,0.0262467191601049,0.0708661417322834,0.0262467191601049,0.0944881889763779,0.0787401574803149,0.1049868766404199,0.0209973753280839,0.0446194225721784,0.0419947506561679,0.0236220472440944,0.0341207349081364,0.0866141732283464,0.0603674540682414,0.0761154855643044,0.0209973753280839,0.0157480314960629
0.0791788856304985,0.0234604105571847,0.0381231671554252,0.0527859237536656,0.0557184750733137,0.0498533724340175,0.0234604105571847,0.0527859237536656,0.0557184750733137,0.1466275659824047,0.0205278592375366,0.0527859237536656,0.0381231671554252,0.0469208211143695,0.0439882697947214,0.0762463343108504,0.064516129032258,0.0439882697947214,0.0087976539589442,0.0263929618768328
0.0881458966565349,0.0091185410334346,0.0645896656534954,0.0835866261398176,0.0273556231003039,0.0797872340425532,0.0182370820668693,0.0554711246200607,0.0493920972644376,0.0911854103343465,0.0227963525835866,0.0288753799392097,0.0478723404255319,0.0395136778115501,0.0843465045592705,0.0410334346504559,0.0493920972644376,0.0828267477203647,0.0075987841945288,0.0288753799392097
0.0871212121212121,0.0075757575757575,0.0606060606060606,0.0719696969696969,0.0606060606060606,0.0454545454545454,0.0189393939393939,0.034090909090909,0.0454545454545454,0.0946969696969697,0.0075757575757575,0.034090909090909,0.0681818181818181,0.0303030303030303,0.0871212121212121,0.0492424242424242,0.0454545454545454,0.0984848484848484,0.0189393939393939,0.034090909090909
0.0695652173913043,0.008695652173913,0.0260869565217391,0.0434782608695652,0.0695652173913043,0.0260869565217391,0.0,0.0782608695652174,0.0260869565217391,0.2434782608695652,0.0695652173913043,0.0347826086956521,0.0695652173913043,0.0260869565217391,0.008695652173913,0.0521739130434782,0.0608695652173913,0.0260869565217391,0.0347826086956521,0.0260869565217391
0.0859598853868194,0.0315186246418338,0.0401146131805157,0.0716332378223495,0.0429799426934097,0.1031518624641833,0.0229226361031518,0.0716332378223495,0.0716332378223495,0.0888252148997134,0.0257879656160458,0.0401146131805157,0.0429799426934097,0.0458452722063037,0.0229226361031518,0.0372492836676217,0.0429799426934097,0.0916905444126074,0.0057306590257879,0.0143266475644699
0.0649350649350649,0.0129870129870129,0.0519480519480519,0.0584415584415584,0.0584415584415584,0.0649350649350649,0.0324675324675324,0.0389610389610389,0.0909090909090909,0.0454545454545454,0.0454545454545454,0.0194805194805194,0.0454545454545454,0.0259740259740259,0.1038961038961039,0.0454545454545454,0.0584415584415584,0.0974025974025974,0.0194805194805194,0.0194805194805194
0.0990654205607476,0.0149532710280373,0.0392523364485981,0.0504672897196261,0.0392523364485981,0.0822429906542056,0.016822429906542,0.0579439252336448,0.0635514018691588,0.0803738317757009,0.0355140186915887,0.0504672897196261,0.0560747663551401,0.0392523364485981,0.0373831775700934,0.0654205607476635,0.0598130841121495,0.0803738317757009,0.011214953271028,0.0205607476635514
0.0899470899470899,0.0,0.037037037037037,0.074074074074074,0.0529100529100529,0.0687830687830687,0.0317460317460317,0.0687830687830687,0.0529100529100529,0.0952380952380952,0.0211640211640211,0.0158730158730158,0.0634920634920634,0.0105820105820105,0.0952380952380952,0.0423280423280423,0.0423280423280423,0.0687830687830687,0.0158730158730158,0.0529100529100529
0.1012433392539964,0.0142095914742451,0.0515097690941385,0.0532859680284191,0.0497335701598579,0.0799289520426287,0.0230905861456483,0.0479573712255772,0.063943161634103,0.08348134991119,0.0142095914742451,0.0284191829484902,0.0621669626998223,0.039076376554174,0.0461811722912966,0.0728241563055062,0.0479573712255772,0.0728241563055062,0.0177619893428063,0.0301953818827708
0.0872093023255814,0.0290697674418604,0.0697674418604651,0.0813953488372093,0.0174418604651162,0.0116279069767441,0.0116279069767441,0.0523255813953488,0.0755813953488372,0.0348837209302325,0.0465116279069767,0.0290697674418604,0.0523255813953488,0.1046511627906976,0.0988372093023255,0.0232558139534883,0.0290697674418604,0.0581395348837209,0.0116279069767441,0.0755813953488372
0.0825688073394495,0.0170380078636959,0.0498034076015727,0.0602883355176933,0.0406290956749672,0.0891218872870249,0.0117955439056356,0.0602883355176933,0.0930537352555701,0.0982961992136304,0.0249017038007863,0.0222804718217562,0.0432503276539973,0.0419397116644823,0.0432503276539973,0.0629095674967234,0.0498034076015727,0.0838794233289646,0.001310615989515,0.0235910878112712
0.0918367346938775,0.0306122448979591,0.010204081632653,0.0204081632653061,0.0306122448979591,0.0408163265306122,0.0306122448979591,0.0714285714285714,0.0,0.2346938775510204,0.1020408163265306,0.0612244897959183,0.0204081632653061,0.010204081632653,0.010204081632653,0.0816326530612244,0.0510204081632653,0.0612244897959183,0.0,0.0408163265306122
0.1418918918918918,0.0236486486486486,0.0574324324324324,0.0675675675675675,0.0371621621621621,0.1047297297297297,0.0202702702702702,0.0135135135135135,0.0101351351351351,0.1385135135135135,0.0135135135135135,0.0135135135135135,0.0574324324324324,0.0202702702702702,0.1047297297297297,0.0472972972972973,0.0405405405405405,0.0641891891891891,0.0067567567567567,0.0168918918918918
0.0918367346938775,0.0,0.0408163265306122,0.0816326530612244,0.0714285714285714,0.1020408163265306,0.0816326530612244,0.0204081632653061,0.1122448979591836,0.0612244897959183,0.0306122448979591,0.0204081632653061,0.0306122448979591,0.0204081632653061,0.0408163265306122,0.0408163265306122,0.0204081632653061,0.0510204081632653,0.0408163265306122,0.0408163265306122
0.0845771144278607,0.0298507462686567,0.0895522388059701,0.0497512437810945,0.0497512437810945,0.0646766169154228,0.0099502487562189,0.0199004975124378,0.0547263681592039,0.0945273631840796,0.0248756218905472,0.044776119402985,0.0248756218905472,0.0398009950248756,0.0746268656716417,0.0597014925373134,0.044776119402985,0.0696517412935323,0.0298507462686567,0.0398009950248756
0.1340996168582375,0.0153256704980842,0.0383141762452107,0.0421455938697318,0.0344827586206896,0.1187739463601532,0.0076628352490421,0.053639846743295,0.0421455938697318,0.0996168582375478,0.0229885057471264,0.0459770114942528,0.0498084291187739,0.0498084291187739,0.0421455938697318,0.0459770114942528,0.0498084291187739,0.0957854406130268,0.0,0.0114942528735632
0.0804597701149425,0.0229885057471264,0.0689655172413793,0.0114942528735632,0.0344827586206896,0.0689655172413793,0.0114942528735632,0.057471264367816,0.0804597701149425,0.1264367816091954,0.0344827586206896,0.0459770114942528,0.0804597701149425,0.0229885057471264,0.0919540229885057,0.057471264367816,0.0114942528735632,0.0229885057471264,0.0229885057471264,0.0459770114942528
0.0562770562770562,0.0187590187590187,0.049062049062049,0.0779220779220779,0.0418470418470418,0.075036075036075,0.0245310245310245,0.0779220779220779,0.0692640692640692,0.0865800865800865,0.0187590187590187,0.0389610389610389,0.0548340548340548,0.0303030303030303,0.0505050505050505,0.0591630591630591,0.062049062049062,0.0851370851370851,0.0043290043290043,0.0187590187590187
0.086092715231788,0.0182119205298013,0.0496688741721854,0.0546357615894039,0.0413907284768211,0.0811258278145695,0.0281456953642384,0.0596026490066225,0.0546357615894039,0.1043046357615894,0.0248344370860927,0.0380794701986755,0.0579470198675496,0.0380794701986755,0.0546357615894039,0.0397350993377483,0.0546357615894039,0.0678807947019867,0.0082781456953642,0.0380794701986755
0.1338289962825278,0.0037174721189591,0.0557620817843866,0.0408921933085501,0.0260223048327137,0.104089219330855,0.0185873605947955,0.0743494423791821,0.0334572490706319,0.1003717472118959,0.037174721189591,0.0297397769516728,0.0483271375464684,0.037174721189591,0.0483271375464684,0.0594795539033457,0.0483271375464684,0.0631970260223048,0.0148698884758364,0.0223048327137546
0.0838709677419354,0.0258064516129032,0.0225806451612903,0.0580645161290322,0.0451612903225806,0.0612903225806451,0.0193548387096774,0.0806451612903225,0.0709677419354838,0.1354838709677419,0.0225806451612903,0.0387096774193548,0.0258064516129032,0.0290322580645161,0.032258064516129,0.064516129032258,0.0612903225806451,0.0709677419354838,0.0129032258064516,0.0387096774193548
0.0459770114942528,0.0057471264367816,0.0172413793103448,0.057471264367816,0.0459770114942528,0.1666666666666666,0.0,0.0689655172413793,0.0114942528735632,0.1091954022988505,0.057471264367816,0.0229885057471264,0.0229885057471264,0.0,0.0172413793103448,0.057471264367816,0.0229885057471264,0.1781609195402299,0.028735632183908,0.0632183908045977
0.0884955752212389,0.0126422250316055,0.0379266750948166,0.0606826801517067,0.0480404551201011,0.06826801517067,0.0442477876106194,0.0328697850821744,0.034134007585335,0.1264222503160556,0.0214917825537294,0.0252844500632111,0.0581542351453855,0.0657395701643489,0.0594184576485461,0.0745891276864728,0.0290771175726927,0.0644753476611883,0.0176991150442477,0.0303413400758533
0.0523255813953488,0.0465116279069767,0.063953488372093,0.0930232558139534,0.0465116279069767,0.0465116279069767,0.0348837209302325,0.0290697674418604,0.0930232558139534,0.0872093023255814,0.0116279069767441,0.0174418604651162,0.0813953488372093,0.0406976744186046,0.0697674418604651,0.0348837209302325,0.0465116279069767,0.0523255813953488,0.0232558139534883,0.0290697674418604
0.0,0.0,0.03125,0.0859375,0.046875,0.046875,0.046875,0.0546875,0.109375,0.078125,0.046875,0.015625,0.1015625,0.0390625,0.0625,0.0390625,0.0390625,0.078125,0.03125,0.046875
0.0955414012738853,0.0031847133757961,0.0509554140127388,0.0636942675159235,0.054140127388535,0.0636942675159235,0.0254777070063694,0.0509554140127388,0.0987261146496815,0.0828025477707006,0.0286624203821656,0.0318471337579617,0.0350318471337579,0.0222929936305732,0.0286624203821656,0.0764331210191082,0.0764331210191082,0.0891719745222929,0.0031847133757961,0.019108280254777
0.069023569023569,0.0218855218855218,0.0505050505050505,0.0656565656565656,0.0505050505050505,0.074074074074074,0.0235690235690235,0.0555555555555555,0.0707070707070707,0.0909090909090909,0.0303030303030303,0.0488215488215488,0.0387205387205387,0.0404040404040404,0.0471380471380471,0.0622895622895622,0.0589225589225589,0.0538720538720538,0.0151515151515151,0.0319865319865319
0.1011523687580025,0.0140845070422535,0.0537772087067861,0.0614596670934699,0.0166453265044814,0.0717029449423815,0.0345710627400768,0.0422535211267605,0.0332906530089628,0.1203585147247119,0.0384122919334186,0.0396927016645326,0.0448143405889884,0.0627400768245838,0.0499359795134443,0.0537772087067861,0.0614596670934699,0.0691421254801536,0.0089628681177976,0.0217669654289372
0.0595533498759305,0.0173697270471464,0.0272952853598014,0.0769230769230769,0.032258064516129,0.0471464019851116,0.0297766749379652,0.0347394540942928,0.0794044665012407,0.1066997518610421,0.009925558312655,0.0471464019851116,0.0744416873449131,0.0669975186104218,0.064516129032258,0.0818858560794044,0.0421836228287841,0.0620347394540942,0.009925558312655,0.0297766749379652
0.1269841269841269,0.0158730158730158,0.0476190476190476,0.0793650793650793,0.0158730158730158,0.0952380952380952,0.0158730158730158,0.0529100529100529,0.0846560846560846,0.0952380952380952,0.0264550264550264,0.0317460317460317,0.0476190476190476,0.0211640211640211,0.037037037037037,0.0476190476190476,0.0423280423280423,0.1005291005291005,0.0,0.0158730158730158
0.0562659846547314,0.0051150895140664,0.0690537084398976,0.0562659846547314,0.0332480818414322,0.0562659846547314,0.0409207161125319,0.0537084398976982,0.0588235294117647,0.0843989769820971,0.0383631713554987,0.0434782608695652,0.0613810741687979,0.0306905370843989,0.0664961636828644,0.0639386189258312,0.0332480818414322,0.0767263427109974,0.0127877237851662,0.0588235294117647
0.0728476821192053,0.0132450331125827,0.0827814569536423,0.0728476821192053,0.0529801324503311,0.0662251655629139,0.0264900662251655,0.043046357615894,0.0562913907284768,0.0927152317880794,0.0298013245033112,0.0264900662251655,0.043046357615894,0.0331125827814569,0.0562913907284768,0.0529801324503311,0.0629139072847682,0.0463576158940397,0.0165562913907284,0.0529801324503311
0.0448430493273542,0.0089686098654708,0.0403587443946188,0.0627802690582959,0.0493273542600896,0.0672645739910313,0.0179372197309417,0.0627802690582959,0.0538116591928251,0.1121076233183856,0.0089686098654708,0.0403587443946188,0.0582959641255605,0.0403587443946188,0.0403587443946188,0.085201793721973,0.0403587443946188,0.085201793721973,0.0269058295964125,0.0538116591928251
0.0647482014388489,0.0287769784172661,0.0494604316546762,0.0737410071942446,0.0413669064748201,0.0656474820143884,0.026978417266187,0.0386690647482014,0.0377697841726618,0.1196043165467626,0.014388489208633,0.0530575539568345,0.066546762589928,0.0377697841726618,0.060251798561151,0.0971223021582733,0.0359712230215827,0.0449640287769784,0.02068345323741,0.0224820143884892
0.1055045871559633,0.0137614678899082,0.0688073394495412,0.0779816513761468,0.0412844036697247,0.0229357798165137,0.0504587155963302,0.0642201834862385,0.0779816513761468,0.0963302752293578,0.018348623853211,0.0458715596330275,0.036697247706422,0.0321100917431192,0.0321100917431192,0.0825688073394495,0.0412844036697247,0.0458715596330275,0.0091743119266055,0.036697247706422
0.0746987951807229,0.0192771084337349,0.053012048192771,0.0795180722891566,0.0433734939759036,0.0602409638554216,0.0313253012048192,0.0626506024096385,0.0289156626506024,0.1012048192771084,0.0265060240963855,0.0313253012048192,0.072289156626506,0.0554216867469879,0.0626506024096385,0.0578313253012048,0.0481927710843373,0.0578313253012048,0.0120481927710843,0.0216867469879518
0.0661157024793388,0.0168240850059031,0.0404368358913813,0.069952774498229,0.0298110979929161,0.0808736717827627,0.0200708382526564,0.063754427390791,0.0628689492325856,0.0926800472255017,0.037780401416765,0.0389610389610389,0.0427981109799291,0.0298110979929161,0.0587367178276269,0.057556080283353,0.0802833530106257,0.0634592680047225,0.0265643447461629,0.0206611570247933
0.0438356164383561,0.010958904109589,0.0657534246575342,0.0712328767123287,0.0520547945205479,0.0712328767123287,0.0191780821917808,0.0575342465753424,0.0520547945205479,0.0767123287671232,0.0246575342465753,0.021917808219178,0.1041095890410958,0.0383561643835616,0.0547945205479452,0.0931506849315068,0.0438356164383561,0.0410958904109589,0.0246575342465753,0.0328767123287671
0.0425531914893617,0.0106382978723404,0.0159574468085106,0.1063829787234042,0.0478723404255319,0.0425531914893617,0.0159574468085106,0.0904255319148936,0.1223404255319148,0.0904255319148936,0.0159574468085106,0.1223404255319148,0.0053191489361702,0.0319148936170212,0.0106382978723404,0.0478723404255319,0.0585106382978723,0.0372340425531914,0.0159574468085106,0.0691489361702127
0.1081081081081081,0.0033783783783783,0.0574324324324324,0.0439189189189189,0.0439189189189189,0.0608108108108108,0.0168918918918918,0.0439189189189189,0.027027027027027,0.1317567567567567,0.0472972972972973,0.0371621621621621,0.0743243243243243,0.027027027027027,0.0641891891891891,0.0574324324324324,0.0439189189189189,0.0608108108108108,0.027027027027027,0.0236486486486486
0.0883392226148409,0.0,0.0565371024734982,0.0671378091872791,0.0459363957597173,0.0494699646643109,0.0494699646643109,0.0565371024734982,0.0318021201413427,0.0883392226148409,0.0070671378091872,0.0353356890459364,0.0742049469964664,0.0565371024734982,0.0742049469964664,0.0459363957597173,0.0600706713780918,0.0600706713780918,0.0212014134275618,0.0318021201413427
0.0425531914893617,0.0151975683890577,0.0577507598784194,0.060790273556231,0.0516717325227963,0.0668693009118541,0.0151975683890577,0.0759878419452887,0.0699088145896656,0.0881458966565349,0.0273556231003039,0.1033434650455927,0.0303951367781155,0.0243161094224924,0.0243161094224924,0.0547112462006079,0.0699088145896656,0.0668693009118541,0.0091185410334346,0.0455927051671732
0.0531400966183574,0.0289855072463768,0.0483091787439613,0.0289855072463768,0.0531400966183574,0.1256038647342995,0.0241545893719806,0.0338164251207729,0.0772946859903381,0.0821256038647343,0.0193236714975845,0.0434782608695652,0.0531400966183574,0.0144927536231884,0.0483091787439613,0.1062801932367149,0.0531400966183574,0.0821256038647343,0.0096618357487922,0.0144927536231884
0.0395437262357414,0.0076045627376425,0.0669201520912547,0.053231939163498,0.0425855513307984,0.0479087452471482,0.0106463878326996,0.1019011406844106,0.0813688212927756,0.0866920152091254,0.0190114068441064,0.0920152091254752,0.0403041825095057,0.0326996197718631,0.0288973384030418,0.0752851711026616,0.0555133079847908,0.0479087452471482,0.0098859315589353,0.0600760456273764
0.0993031358885017,0.0069686411149825,0.0853658536585365,0.0470383275261324,0.0365853658536585,0.0888501742160278,0.019163763066202,0.0452961672473867,0.0156794425087108,0.0871080139372822,0.019163763066202,0.0331010452961672,0.0592334494773519,0.0226480836236933,0.0557491289198606,0.0679442508710801,0.0644599303135888,0.0940766550522648,0.0226480836236933,0.0296167247386759
0.0751953125,0.015625,0.0625,0.060546875,0.037109375,0.0693359375,0.033203125,0.0380859375,0.01953125,0.09375,0.0234375,0.0458984375,0.060546875,0.056640625,0.064453125,0.05859375,0.0546875,0.0625,0.0380859375,0.0302734375
0.046692607003891,0.0077821011673151,0.0428015564202334,0.0622568093385214,0.0194552529182879,0.0894941634241245,0.0272373540856031,0.0583657587548638,0.1011673151750972,0.1167315175097276,0.0116731517509727,0.0661478599221789,0.0194552529182879,0.0272373540856031,0.0194552529182879,0.0622568093385214,0.0817120622568093,0.1050583657587548,0.0155642023346303,0.0194552529182879
0.1107491856677524,0.006514657980456,0.0781758957654723,0.0716612377850162,0.0293159609120521,0.0521172638436482,0.003257328990228,0.0456026058631921,0.0944625407166123,0.1074918566775244,0.019543973941368,0.0553745928338762,0.0390879478827361,0.0293159609120521,0.0488599348534201,0.0456026058631921,0.0749185667752443,0.0553745928338762,0.013029315960912,0.019543973941368
0.1404682274247491,0.0133779264214046,0.0936454849498327,0.040133779264214,0.0267558528428093,0.0769230769230769,0.0234113712374581,0.0501672240802675,0.0434782608695652,0.1304347826086956,0.0234113712374581,0.0167224080267558,0.040133779264214,0.060200668896321,0.060200668896321,0.0535117056856187,0.040133779264214,0.0468227424749163,0.0,0.020066889632107
0.0992907801418439,0.0047281323877068,0.0496453900709219,0.0945626477541371,0.0354609929078014,0.0874704491725768,0.0118203309692671,0.0851063829787234,0.0756501182033096,0.0685579196217494,0.0165484633569739,0.0520094562647754,0.0401891252955082,0.0236406619385342,0.0330969267139479,0.0449172576832151,0.0543735224586288,0.0732860520094562,0.0141843971631205,0.0354609929078014
0.0744047619047619,0.0119047619047619,0.0595238095238095,0.050595238095238,0.0327380952380952,0.0952380952380952,0.0178571428571428,0.0892857142857142,0.0625,0.1071428571428571,0.0208333333333333,0.0535714285714285,0.056547619047619,0.0416666666666666,0.050595238095238,0.0357142857142857,0.0476190476190476,0.0625,0.0,0.0297619047619047
0.1270125223613595,0.0035778175313059,0.0590339892665474,0.0447227191413237,0.0322003577817531,0.0769230769230769,0.0196779964221824,0.0500894454382826,0.033989266547406,0.0930232558139534,0.0304114490161001,0.0411449016100178,0.0518783542039356,0.0572450805008944,0.0536672629695885,0.0590339892665474,0.033989266547406,0.0983899821109123,0.0107334525939177,0.0232558139534883
0.107981220657277,0.0093896713615023,0.056338028169014,0.0845070422535211,0.056338028169014,0.0938967136150234,0.0234741784037558,0.0704225352112676,0.056338028169014,0.1032863849765258,0.0187793427230046,0.0187793427230046,0.028169014084507,0.0328638497652582,0.0610328638497652,0.0422535211267605,0.0422535211267605,0.056338028169014,0.0,0.0375586854460093
0.1219512195121951,0.0113821138211382,0.0455284552845528,0.0699186991869918,0.0211382113821138,0.0520325203252032,0.0276422764227642,0.0617886178861788,0.0357723577235772,0.1138211382113821,0.0113821138211382,0.032520325203252,0.0747967479674796,0.073170731707317,0.0699186991869918,0.0471544715447154,0.0390243902439024,0.0617886178861788,0.0113821138211382,0.0178861788617886
0.108626198083067,0.0031948881789137,0.0734824281150159,0.0431309904153354,0.023961661341853,0.0814696485623003,0.0191693290734824,0.0527156549520766,0.0287539936102236,0.0670926517571885,0.0159744408945686,0.0415335463258785,0.0718849840255591,0.0383386581469648,0.060702875399361,0.0638977635782747,0.0734824281150159,0.1070287539936102,0.0047923322683706,0.0207667731629392
0.0717391304347826,0.0282608695652173,0.0478260869565217,0.0760869565217391,0.0391304347826087,0.0782608695652174,0.0152173913043478,0.0391304347826087,0.0521739130434782,0.0826086956521739,0.0217391304347826,0.0152173913043478,0.0782608695652174,0.0782608695652174,0.0760869565217391,0.0891304347826087,0.0369565217391304,0.05,0.008695652173913,0.0152173913043478
0.0772058823529411,0.0,0.0845588235294117,0.0845588235294117,0.0367647058823529,0.088235294117647,0.0147058823529411,0.0441176470588235,0.088235294117647,0.0992647058823529,0.0220588235294117,0.0110294117647058,0.0330882352941176,0.0698529411764705,0.0441176470588235,0.0551470588235294,0.0588235294117647,0.0477941176470588,0.0110294117647058,0.0294117647058823
0.1153846153846153,0.0219780219780219,0.0384615384615384,0.0659340659340659,0.0219780219780219,0.0824175824175824,0.0247252747252747,0.0549450549450549,0.0714285714285714,0.0934065934065934,0.0109890109890109,0.0384615384615384,0.0521978021978022,0.0467032967032967,0.0412087912087912,0.0549450549450549,0.0604395604395604,0.0604395604395604,0.0082417582417582,0.0357142857142857
0.0902777777777777,0.0231481481481481,0.0601851851851851,0.0625,0.0254629629629629,0.0856481481481481,0.0254629629629629,0.074074074074074,0.0671296296296296,0.0879629629629629,0.037037037037037,0.0462962962962962,0.037037037037037,0.0300925925925925,0.0393518518518518,0.0324074074074074,0.0555555555555555,0.0717592592592592,0.0138888888888888,0.0347222222222222
0.0445026178010471,0.031413612565445,0.0602094240837696,0.06282722513089,0.0274869109947644,0.0850785340314136,0.0235602094240837,0.0497382198952879,0.0693717277486911,0.0759162303664921,0.0157068062827225,0.0392670157068062,0.0536649214659685,0.0471204188481675,0.0497382198952879,0.0732984293193717,0.056282722513089,0.0746073298429319,0.0170157068062827,0.0431937172774869
0.0660749506903353,0.0138067061143984,0.0611439842209073,0.0739644970414201,0.029585798816568,0.0700197238658777,0.0187376725838264,0.0473372781065088,0.1242603550295858,0.0887573964497041,0.02465483234714,0.0355029585798816,0.0433925049309664,0.0335305719921104,0.0325443786982248,0.0838264299802761,0.0414201183431952,0.0670611439842209,0.0128205128205128,0.0315581854043392
0.1582089552238806,0.0119402985074626,0.0686567164179104,0.0388059701492537,0.035820895522388,0.1074626865671641,0.0119402985074626,0.0597014925373134,0.0208955223880597,0.0686567164179104,0.0298507462686567,0.0298507462686567,0.0507462686567164,0.0298507462686567,0.0597014925373134,0.053731343283582,0.0656716417910447,0.0716417910447761,0.008955223880597,0.017910447761194
0.0643356643356643,0.0244755244755244,0.0594405594405594,0.0608391608391608,0.0356643356643356,0.0608391608391608,0.0335664335664335,0.0517482517482517,0.0559440559440559,0.1174825174825174,0.0202797202797202,0.0496503496503496,0.0454545454545454,0.0398601398601398,0.0538461538461538,0.0741258741258741,0.0461538461538461,0.0699300699300699,0.0097902097902097,0.0265734265734265
0.0434782608695652,0.0217391304347826,0.0652173913043478,0.1376811594202898,0.036231884057971,0.1014492753623188,0.0,0.108695652173913,0.072463768115942,0.0579710144927536,0.036231884057971,0.0579710144927536,0.0217391304347826,0.0144927536231884,0.0144927536231884,0.0579710144927536,0.036231884057971,0.072463768115942,0.0217391304347826,0.0217391304347826
0.100095328884652,0.0019065776930409,0.0448045757864632,0.0476644423260247,0.0514775977121067,0.0848427073403241,0.0104861773117254,0.0686367969494756,0.0409914204003813,0.0972354623450905,0.0400381315538608,0.0371782650142993,0.0428979980934223,0.0457578646329837,0.0362249761677788,0.0591039084842707,0.0638703527168732,0.092469018112488,0.0085795996186844,0.0257387988560533
0.0956937799043062,0.0143540669856459,0.0382775119617224,0.0765550239234449,0.0478468899521531,0.0430622009569378,0.0191387559808612,0.0669856459330143,0.0861244019138756,0.1148325358851674,0.0287081339712918,0.0478468899521531,0.0526315789473684,0.0382775119617224,0.0287081339712918,0.0287081339712918,0.0526315789473684,0.0574162679425837,0.0143540669856459,0.0478468899521531
0.1220556745182012,0.0149892933618843,0.0406852248394004,0.0706638115631691,0.0235546038543897,0.0728051391862955,0.032119914346895,0.0471092077087794,0.0513918629550321,0.1113490364025695,0.038543897216274,0.0556745182012847,0.0406852248394004,0.038543897216274,0.0449678800856531,0.0599571734475374,0.0535331905781584,0.0620985010706638,0.0107066381156316,0.0085653104925053
0.0773195876288659,0.0,0.0644329896907216,0.0850515463917525,0.0206185567010309,0.0979381443298969,0.0206185567010309,0.0644329896907216,0.0618556701030927,0.0695876288659793,0.0309278350515463,0.0335051546391752,0.0386597938144329,0.0335051546391752,0.0721649484536082,0.0438144329896907,0.056701030927835,0.0927835051546391,0.0077319587628865,0.0283505154639175
0.1128284389489953,0.0030911901081916,0.0602782071097372,0.0340030911901081,0.026275115919629,0.1035548686244204,0.0154559505409582,0.0417310664605873,0.0123647604327666,0.0664605873261205,0.0092735703245749,0.0340030911901081,0.0741885625965996,0.0479134466769706,0.0741885625965996,0.0788253477588871,0.0880989180834621,0.0680061823802163,0.0154559505409582,0.0340030911901081
0.0409090909090909,0.0045454545454545,0.0681818181818181,0.0818181818181818,0.0636363636363636,0.0545454545454545,0.0136363636363636,0.059090909090909,0.0863636363636363,0.1045454545454545,0.0136363636363636,0.0409090909090909,0.0545454545454545,0.0136363636363636,0.059090909090909,0.0454545454545454,0.0636363636363636,0.0863636363636363,0.009090909090909,0.0363636363636363
0.03125,0.0,0.0390625,0.0859375,0.0625,0.1015625,0.0234375,0.046875,0.09375,0.0390625,0.046875,0.046875,0.0078125,0.0546875,0.0234375,0.0703125,0.09375,0.09375,0.0078125,0.03125
0.1017964071856287,0.0029940119760479,0.0508982035928143,0.0508982035928143,0.0479041916167664,0.0718562874251497,0.0209580838323353,0.0359281437125748,0.0628742514970059,0.1077844311377245,0.0209580838323353,0.0419161676646706,0.0838323353293413,0.0329341317365269,0.0538922155688622,0.0479041916167664,0.0449101796407185,0.0568862275449101,0.0239520958083832,0.0389221556886227
0.0811724915445321,0.0067643742953776,0.0586245772266065,0.0800450958286358,0.0383314543404735,0.089064261555806,0.0259301014656144,0.0642615558060879,0.0541149943630214,0.0789177001127395,0.0248027057497181,0.0428410372040586,0.040586245772266,0.0462232243517474,0.0552423900789177,0.04847801578354,0.0473506200676437,0.0574971815107102,0.012401352874859,0.0473506200676437
0.0803858520900321,0.0096463022508038,0.0418006430868167,0.0771704180064308,0.0643086816720257,0.0868167202572347,0.0160771704180064,0.0803858520900321,0.0707395498392283,0.1028938906752411,0.0289389067524115,0.0578778135048231,0.0546623794212218,0.0353697749196141,0.0160771704180064,0.0514469453376205,0.0514469453376205,0.0385852090032154,0.0,0.0353697749196141
0.0670352453351762,0.0138217000691085,0.0428472702142363,0.0746371803731859,0.0241879751209398,0.0739460953697304,0.0186592950932964,0.0704906703524533,0.0870767104353835,0.0760193503800967,0.0207325501036627,0.04077401520387,0.0545957152729785,0.0656530753282653,0.0463026952315134,0.0435383552176917,0.0621976503109882,0.0649619903248099,0.0255701451278507,0.0269523151347615
0.1619718309859155,0.0035211267605633,0.0739436619718309,0.0387323943661971,0.0105633802816901,0.1056338028169014,0.0211267605633802,0.0387323943661971,0.0176056338028169,0.0950704225352112,0.0176056338028169,0.0211267605633802,0.056338028169014,0.0246478873239436,0.0739436619718309,0.0457746478873239,0.0352112676056338,0.130281690140845,0.0176056338028169,0.0105633802816901
0.1443298969072164,0.0103092783505154,0.0687285223367697,0.0481099656357388,0.0274914089347079,0.0962199312714776,0.0240549828178694,0.0309278350515463,0.0137457044673539,0.0893470790378006,0.0240549828178694,0.0137457044673539,0.0378006872852233,0.0171821305841924,0.0893470790378006,0.0412371134020618,0.0824742268041237,0.1168384879725085,0.0137457044673539,0.0103092783505154
0.0468431771894093,0.0244399185336048,0.0570264765784114,0.0610997963340122,0.0244399185336048,0.0855397148676171,0.0183299389002036,0.0325865580448065,0.0733197556008146,0.0733197556008146,0.0366598778004073,0.065173116089613,0.0468431771894093,0.0529531568228105,0.0570264765784114,0.0692464358452138,0.0468431771894093,0.0570264765784114,0.0285132382892057,0.0427698574338085
0.075075075075075,0.024024024024024,0.045045045045045,0.087087087087087,0.048048048048048,0.0960960960960961,0.021021021021021,0.027027027027027,0.063063063063063,0.054054054054054,0.045045045045045,0.057057057057057,0.036036036036036,0.039039039039039,0.039039039039039,0.069069069069069,0.042042042042042,0.057057057057057,0.027027027027027,0.048048048048048
0.0901143241425689,0.0127774041694687,0.0416946872898453,0.0531271015467384,0.0168123739071956,0.2730329522528581,0.0053799596503026,0.0228648285137861,0.0450571620712844,0.0376597175521183,0.0107599193006052,0.0215198386012104,0.1815736381977135,0.0403496973772696,0.0484196368527236,0.0322797579018157,0.0295897780766644,0.0255548083389374,0.0047074646940147,0.0067249495628782
0.0594059405940594,0.0495049504950495,0.0759075907590759,0.1122112211221122,0.0462046204620462,0.0462046204620462,0.0396039603960396,0.0396039603960396,0.066006600660066,0.0957095709570957,0.0165016501650165,0.0462046204620462,0.0594059405940594,0.033003300330033,0.033003300330033,0.0231023102310231,0.0561056105610561,0.066006600660066,0.0132013201320132,0.0231023102310231
0.0823244552058111,0.009685230024213,0.0460048426150121,0.0653753026634382,0.0556900726392251,0.0653753026634382,0.0217917675544794,0.0460048426150121,0.0508474576271186,0.0895883777239709,0.0145278450363196,0.0605326876513317,0.0581113801452784,0.036319612590799,0.0532687651331719,0.0653753026634382,0.0532687651331719,0.0750605326876513,0.0217917675544794,0.0290556900726392
0.1071428571428571,0.0158730158730158,0.0575396825396825,0.0555555555555555,0.0416666666666666,0.0734126984126984,0.0257936507936507,0.0416666666666666,0.0436507936507936,0.1111111111111111,0.0218253968253968,0.0337301587301587,0.0476190476190476,0.0416666666666666,0.0793650793650793,0.0595238095238095,0.0476190476190476,0.0555555555555555,0.0079365079365079,0.0317460317460317
0.0774566473988439,0.015028901734104,0.0624277456647398,0.0705202312138728,0.0485549132947976,0.0566473988439306,0.0277456647398843,0.0566473988439306,0.0647398843930635,0.0959537572254335,0.0242774566473988,0.0485549132947976,0.0462427745664739,0.0323699421965317,0.061271676300578,0.0416184971098265,0.0416184971098265,0.076300578034682,0.0138728323699421,0.038150289017341
0.066,0.008,0.048,0.048,0.048,0.028,0.02,0.036,0.058,0.128,0.028,0.044,0.064,0.05,0.028,0.102,0.11,0.066,0.006,0.014
0.0964566929133858,0.0137795275590551,0.0846456692913385,0.1102362204724409,0.0649606299212598,0.0570866141732283,0.0216535433070866,0.0452755905511811,0.09251968503937,0.0905511811023622,0.0098425196850393,0.0295275590551181,0.0413385826771653,0.0255905511811023,0.0314960629921259,0.0452755905511811,0.0452755905511811,0.0610236220472441,0.0098425196850393,0.0236220472440944
0.0702479338842975,0.0165289256198347,0.0578512396694214,0.0826446280991735,0.0578512396694214,0.0867768595041322,0.0206611570247933,0.0165289256198347,0.0867768595041322,0.1115702479338843,0.0165289256198347,0.0330578512396694,0.024793388429752,0.0289256198347107,0.0661157024793388,0.0702479338842975,0.0289256198347107,0.0950413223140495,0.0082644628099173,0.0206611570247933
0.0227272727272727,0.0227272727272727,0.0,0.0681818181818181,0.0,0.1818181818181818,0.0227272727272727,0.0227272727272727,0.0,0.1363636363636363,0.0227272727272727,0.0,0.0909090909090909,0.0227272727272727,0.1136363636363636,0.0681818181818181,0.0909090909090909,0.0227272727272727,0.0909090909090909,0.0
0.025,0.03125,0.16875,0.08125,0.05625,0.04375,0.01875,0.025,0.075,0.06875,0.0375,0.06875,0.03125,0.01875,0.05,0.09375,0.01875,0.04375,0.03125,0.0125
0.0947867298578199,0.0379146919431279,0.0853080568720379,0.0426540284360189,0.0331753554502369,0.0568720379146919,0.0189573459715639,0.0379146919431279,0.0616113744075829,0.0995260663507109,0.0189573459715639,0.0426540284360189,0.0568720379146919,0.0284360189573459,0.1090047393364928,0.0616113744075829,0.0331753554502369,0.0521327014218009,0.0047393364928909,0.0236966824644549
0.0723981900452488,0.0090497737556561,0.0723981900452488,0.0769230769230769,0.0452488687782805,0.0497737556561085,0.0226244343891402,0.0588235294117647,0.0497737556561085,0.085972850678733,0.0271493212669683,0.0226244343891402,0.0361990950226244,0.0135746606334841,0.0995475113122171,0.0542986425339366,0.0497737556561085,0.0950226244343891,0.0,0.0588235294117647
0.136231884057971,0.0115942028985507,0.0463768115942029,0.0521739130434782,0.0405797101449275,0.0782608695652174,0.0260869565217391,0.0521739130434782,0.0347826086956521,0.1159420289855072,0.0202898550724637,0.0405797101449275,0.0521739130434782,0.0666666666666666,0.0521739130434782,0.0579710144927536,0.0463768115942029,0.0521739130434782,0.0,0.017391304347826
0.0853242320819112,0.0034129692832764,0.0580204778156996,0.0614334470989761,0.0273037542662116,0.0955631399317406,0.0170648464163822,0.0580204778156996,0.0443686006825938,0.136518771331058,0.0136518771331058,0.0238907849829351,0.0511945392491467,0.0614334470989761,0.0477815699658703,0.0546075085324232,0.0443686006825938,0.0477815699658703,0.0102389078498293,0.0580204778156996
0.0375426621160409,0.0,0.0716723549488054,0.0819112627986348,0.068259385665529,0.0853242320819112,0.0136518771331058,0.0614334470989761,0.0819112627986348,0.0819112627986348,0.0238907849829351,0.030716723549488,0.030716723549488,0.0170648464163822,0.0819112627986348,0.0511945392491467,0.0238907849829351,0.1160409556313993,0.0,0.0409556313993174
0.0815899581589958,0.006276150627615,0.0774058577405857,0.0606694560669456,0.0564853556485355,0.0711297071129707,0.0292887029288702,0.0585774058577405,0.0481171548117154,0.0774058577405857,0.0209205020920502,0.0523012552301255,0.0669456066945606,0.0251046025104602,0.0439330543933054,0.0669456066945606,0.0502092050209205,0.0460251046025104,0.0104602510460251,0.0502092050209205
0.0815899581589958,0.006276150627615,0.0774058577405857,0.0606694560669456,0.0564853556485355,0.0711297071129707,0.0292887029288702,0.0585774058577405,0.0481171548117154,0.0774058577405857,0.0209205020920502,0.0523012552301255,0.0669456066945606,0.0251046025104602,0.0439330543933054,0.0669456066945606,0.0502092050209205,0.0460251046025104,0.0104602510460251,0.0502092050209205
0.073697585768742,0.0177890724269377,0.0571791613722998,0.0724269377382465,0.048284625158831,0.0673443456162642,0.0165184243964421,0.0775095298602287,0.0825921219822109,0.073697585768742,0.0152477763659466,0.0686149936467598,0.0393900889453621,0.0393900889453621,0.0381194409148665,0.0711562897077509,0.0406607369758576,0.0559085133418043,0.0076238881829733,0.036848792884371
0.1215469613259668,0.011049723756906,0.0773480662983425,0.0331491712707182,0.0165745856353591,0.0883977900552486,0.0497237569060773,0.0441988950276243,0.0,0.0939226519337016,0.0276243093922651,0.005524861878453,0.0331491712707182,0.0386740331491712,0.0939226519337016,0.0497237569060773,0.0718232044198895,0.0828729281767955,0.0386740331491712,0.0220994475138121
